gemma3_reply
Burmese
Jinghpaw
Jinghpaw
Jinghpaw
Jinghpaw
Chin
"Tibetan
"
Kachin
Shan
Jinghpaw
Jinghpaw
Jinghpaw
Jinghpaw
Jinghpaw
Shan
Jinghpaw
Jinghpaw
Karen
Jinghpaw
Jinghpaw
Shan
Shan
Chin
Shan
Jinghpaw
Jinghpaw
Jinghpaw
Jinghpaw
Jinghpaw
Jinghpaw
Chinantec
Shan
Jinghpaw
Kachin
Shan
Jinghpaw
Shan
Jinghpaw
Burmese
Chin
Jinghpaw
Jinghpaw
Jinghpaw
Jinghpaw
Burmese
Jinghpaw
Shan
Jingpho
Jinghpaw
Jinghpaw
Jinghpaw
Jinghpaw
Jinghpaw
Jinghpaw
Jinghpaw
Jinghpaw
Kachin
Jinghpaw
Jinghpaw
Shan
Kachin
Jingpho
Jinghpaw
Jinghpaw
Jinghpaw
Jinghpaw
Jinghpaw
Kachin
Jinghpaw
Jinghpaw
Jinghpaw
Jinghpaw
Jinghpaw
Jinghpaw
Karen
Jinghpaw
Lahu
Burmese
Jinghpaw
Jinghpaw
Karen
Jinghpaw
Jinghpaw
Jinghpaw
Jinghpaw
Jinghpaw
Jinghpaw
Jinghpaw
Jinghpaw
Chin
Jinghpaw
Chin
Jinghpaw
Jinghpaw
Jinghpaw
Burmese
Jinghpaw
Jinghpaw
Jinghpaw
Jinghpaw
Shan
Shan
Shan
Chin
Jinghpaw
Jinghpaw
Jinghpaw
Jinghpaw
Shan
Jinghpaw
Shan
Kachin
Jingpho
Burmese
Jinghpaw
Jingpho
Jinghpaw
Jinghpaw
Burmese
Jinghpaw
Chin
Jinghpaw
Jinghpaw
Akan
Jingpho
Shan
Jinghpaw
Jinghpaw
Jinghpaw
Jinghpaw
Jinghpaw
Jinghpaw
Jinghpaw
Jinghpaw
Thai
Jinghpaw
Jinghpaw
Jinghpaw
Jinghpaw
Jinghpaw
Jinghpaw
Karen
Jinghpaw
Jinghpaw
Jinghpaw
Lahu
Burmese
Jinghpaw
Jinghpaw
Jinghpaw
Chin
Kachin
Jinghpaw
Jinghpaw
Jinghpaw
Jinghpaw
Jinghpaw
Jinghpaw
Jinghpaw
Jinghpaw
Shan
Jinghpaw
Shan
Jinghpaw
Jinghpaw
Jinghpaw
Jinghpaw
Burmese
Hakha Chin
Jinghpaw
Jinghpaw
Jinghpaw
Maranao
Burmese
Jinghpaw
Jingpho
Jinghpaw
Jinghpaw
Jinghpaw
Shan
Jinghpaw
Shan
Jinghpaw
Chin
Jinghpaw
Lisu
Wolof
Jinghpaw
Jinghpaw
Jinghpaw
Kachin
Jinghpaw
Jinghpaw
Jinghpaw
Jingpho
Jinghpaw
Jinghpaw
Jinghpaw
Jinghpaw
Jingpho
Jinghpaw
Karen
Burmese
Jinghpaw
Jinghpaw
Jinghpaw
Chin
Jinghpaw
Jinghpaw
Jinghpaw
Kachin
Jinghpaw
Burmese
Burmese
Jingpho
Jinghpaw
Jingpho
Jinghpaw
Burmese
Jinghpaw
Jinghpaw
Burmese
Jinghpaw
Kachin
Burmese
Jinghpaw
Jinghpaw
Jinghpaw
Kachin
Jinghpaw
Burmese
Jinghpaw
Kuki Chin
Jinghpaw
Shan
Marwari
Kachin
Shan
Jinghpaw
Jinghpaw
Jinghpaw
Jinghpaw
Jingpho
Jinghpaw
Jinghpaw
Jinghpaw
Jinghpaw
Jinghpaw
Jinghpaw
Jinghpaw
Jinghpaw
Shan
Jinghpaw
Chin
Jinghpaw
Jinghpaw
Jinghpaw
Jinghpaw
Jinghpaw
Burmese
Jinghpaw
Jinghpaw
Chin
Jingpho
Karen
Jinghpaw
Jinghpaw
Jinghpaw
Burmese
Kachin
Jinghpaw
Jinghpaw
Burmese
Chin
Kachin
Chin
Jingpho
Chin
Jinghpaw
Jinghpaw
Sindhi
Chin
Kachin
Jinghpaw
Shan
Burmese
Shan
Jinghpaw
Jinghpaw
Jinghpaw
Jinghpaw
Jinghpaw
Jinghpaw
Jinghpaw
Jinghpaw
Shan
Jingpho
Jingpho
Burmese
Jinghpaw
Burmese
Jinghpaw
Jinghpaw
Burmese
Shan
Jinghpaw
Chin
Chin
Burmese
Burmese
Burmese
Jinghpaw
Kachin
Jinghpaw
Jingpho
Karen
Jinghpaw
Jinghpaw
Jinghpaw
Jinghpaw
Jinghpaw
Jinghpaw
Jinghpaw
Jinghpaw
Jinghpaw
Chin
Jinghpaw
Jinghpaw
Jinghpaw
Jinghpaw
Jinghpaw
Jinghpaw
Jinghpaw
Jingpho
Tangsa
Jinghpaw
Jinghpaw
Jinghpaw
Jinghpaw
Awakatek
Jinghpaw
Jinghpaw
Chin
Jingpho
Jinghpaw
Jinghpaw
Jinghpaw
Jinghpaw
Jinghpaw
Jinghpaw
Indus script
Jinghpaw
Jinghpaw
Jinghpaw
Jinghpaw
Jinghpaw
Jingpho
Jinghpaw
Chin
Jinghpaw
Jinghpaw
Kachin
Jinghpaw
Jinghpaw
Jinghpaw
Jinghpaw
Jinghpaw
Chin
Chin
Shan
Shan
Shan
Shan
Jinghpaw
Chin
Jinghpaw
Jinghpaw
Karen
Jinghpaw
Shan
Jinghpaw
Jinghpaw
Chin
Chin
Jinghpaw
Jinghpaw
Shan
Jinghpaw
Jinghpaw
Jingpho
Jinghpaw
Jinghpaw
Jinghpaw
Meitei (also known as Manipuri)
Kachin
Jinghpaw
Jinghpaw
Shan
Jinghpaw
Burmese
Jinghpaw
Jinghpaw
Jinghpaw
Jinghpaw
Jinghpaw
Jinghpaw
Jinghpaw
Jinghpaw
Jinghpaw
Jinghpaw
Jinghpaw
Jinghpaw
Jinghpaw
Jinghpaw
Jinghpaw
Shan
Jinghpaw
Jinghpaw
Burmese
Kachin
Jinghpaw
Jinghpaw
Jinghpaw
Jingpho
Jingpho
Jingpho
Jinghpaw
Burmese
Jinghpaw
Jinghpaw
Jinghpaw
Jinghpaw
Jinghpaw
Jinghpaw
Chin
Kachin
Jinghpaw
Karen
Jinghpaw
Shan
Jinghpaw
Jinghpaw
Jinghpaw
Jinghpaw
Jinghpaw
Jinghpaw
Burmese
Jinghpaw
Burmese
Jingpho
Jinghpaw
Jinghpaw
Shan
Jingpho
Jinghpaw
Jinghpaw
Shan
Jinghpaw
Jinghpaw
Jinghpaw
Jinghpaw
Kachin
Jinghpaw
Jinghpaw
Jinghpaw
Burmese
Jinghpaw
Chin
Jinghpaw
Jinghpaw
Shan
Jinghpaw
Jinghpaw
Jinghpaw
Jinghpaw
Burmese
Shan
Jinghpaw
Jinghpaw
Jinghpaw
Jinghpaw
Jinghpaw
Jinghpaw
Jinghpaw
Jinghpaw
Jinghpaw
Burmese
Jinghpaw
Jinghpaw
Jinghpaw
Jinghpaw
Jinghpaw
Burmese
Palaung
Jinghpaw
Jinghpaw
Jinghpaw
Jinghpaw
Jinghpaw
Jinghpaw
Jinghpaw
Jinghpaw
Jinghpaw
Shan
Jinghpaw
Karen
Jinghpaw
Jinghpaw
Jinghpaw
Jinghpaw
Shan
Jinghpaw
Kachin
Shan
Jinghpaw
Jinghpaw
Jinghpaw
Jinghpaw
Kachin
Burmese
Jinghpaw
Jinghpaw
Jinghpaw
Jinghpaw
Jinghpaw
Jinghpaw
Jinghpaw
Burmese
Jingpho
Jinghpaw
Shan
Karen
Jinghpaw
Kachin
Jinghpaw
Jinghpaw
Jinghpaw
Jinghpaw
Jinghpaw
Jinghpaw
Burmese
Burmese
Jingpho
Jinghpaw
Karen
Jinghpaw
Karen
Jinghpaw
Jinghpaw
Jinghpaw
Jinghpaw
Jinghpaw
Jinghpaw
Jinghpaw
Shan
Shan
Jinghpaw
Jinghpaw
Shan
Jingpho
Jinghpaw
Jinghpaw
Jinghpaw
Chin
Jinghpaw
Jinghpaw
Jinghpaw
Jinghpaw
Jinghpaw
Jinghpaw
Jinghpaw
Jinghpaw
Jinghpaw
Jinghpaw
Shan
Chin
Shan
Kachin
Burmese
Jinghpaw
Jingpho
Jinghpaw
Jinghpaw
Kayah
Jinghpaw
Burmese
Jinghpaw
Jinghpaw
Jinghpaw
Chin
Jinghpaw
Jinghpaw
Jinghpaw
Jinghpaw
Jinghpaw
Burmese
Jinghpaw
Jinghpaw
Jinghpaw
Burmese
Burmese
Burmese
Shan
Chin
Jinghpaw
Jinghpaw
Jinghpaw
Jinghpaw
Jinghpaw
Jinghpaw
Jinghpaw
Jinghpaw
Jinghpaw
Jinghpaw
Jinghpaw
Jinghpaw
Jinghpaw
Karen
Jinghpaw
Jinghpaw
Jinghpaw
Jinghpaw
Jingpho
Jinghpaw
Mungkan
Jinghpaw
Jinghpaw
Kachin
Jingpho
Jinghpaw
Jinghpaw
Kachin
Jinghpaw
Jinghpaw
Jinghpaw
Jinghpaw
Karen
Shan
Jinghpaw
Burmese
Jinghpaw
Kachin
Kachin
Shan
Jinghpaw
Burmese
Jinghpaw
Jinghpaw
Jinghpaw
Chin
Jinghpaw
Kachin
Karen
Hmong
Shan
Jinghpaw
Jinghpaw
Jinghpaw
Jinghpaw
Jinghpaw
Shan
Lisu
Karen
Chin
Chin
Jinghpaw
Burmese
Jinghpaw
Jingpho
Jinghpaw
Jinghpaw
Jinghpaw
Jinghpaw
Jinghpaw
Jinghpaw
Jinghpaw
Jinghpaw
Jinghpaw
Jinghpaw
Jinghpaw
Jinghpaw
Jinghpaw
Jinghpaw
Jinghpaw
Jinghpaw
Jinghpaw
Jinghpaw
Jinghpaw
Jinghpaw
Jinghpaw
Karen
Jinghpaw
Jinghpaw
Chin
Burmese
Jinghpaw
Jinghpaw
Jinghpaw
Burmese
Jinghpaw
Karen
Jinghpaw
Jinghpaw
Jinghpaw
Kachin
Jinghpaw
Karen
Burmese
Jinghpaw
Burmese
Kachin
Shan
Burmese
Jinghpaw
Jinghpaw
Karen
Lingala
Jinghpaw
Jinghpaw
Jingpho
Karen
Jinghpaw
Jinghpaw
Jinghpaw
Jinghpaw
Bamun
Shan
Jingpho
Jinghpaw
Jinghpaw
Jinghpaw
Jinghpaw
Shan
Tai Lü
Shan
Jinghpaw
Bengali
Jinghpaw
Jinghpaw
Burmese
Akyaw
Wayana
Jinghpaw
Jinghpaw
Jinghpaw
Shan
Burmese
Jinghpaw
Jinghpaw
Jinghpaw
"Korean
"
Jinghpaw
Jinghpaw
Jinghpaw
Kachin
Jinghpaw
Jinghpaw
Jinghpaw
Jinghpaw
Kachin
Shan
Jinghpaw
Shan
Jinghpaw
Jinghpaw
Burmese
Shan
Jinghpaw
Samoan
Shan
Jinghpaw
Shan
Samoan
Jinghpaw
Kachin
Shan
Jingpho
Shan
Kachin
Shan
Jinghpaw
Jinghpaw
Chin
Jinghpaw
Jinghpaw
Jinghpaw
Jinghpaw
Shan
Shan
Jinghpaw
Jinghpaw
Jinghpaw
Jinghpaw
Jinghpaw
Shan
Jinghpaw
Karen
Jinghpaw
Jinghpaw
Jinghpaw
Jinghpaw
Jinghpaw
Jinghpaw
Jinghpaw
Jinghpaw
Jinghpaw
Jinghpaw
Jinghpaw
Jinghpaw
Jinghpaw
Jinghpaw
Karen
Jingpho
Jinghpaw
Jinghpaw
Lisu
Tagalog
Jinghpaw
Chin
Shan
Jinghpaw
Jinghpaw
Jinghpaw
Jinghpaw
Jinghpaw
Jinghpaw
Jinghpaw
Jinghpaw
Karen
Jinghpaw
Jinghpaw
Karen
Burmese
Chin
Jinghpaw
Jinghpaw
Shan
Jinghpaw
Jinghpaw
Shan
Jinghpaw
Burmese
Kikuyu
Chin
Jinghpaw
Jinghpaw
Jinghpaw
Chin
Jinghpaw
Jinghpaw
Jinghpaw
Jinghpaw
Jinghpaw
"Tibetan
"
Jinghpaw
Jinghpaw
Jinghpaw
Jinghpaw
Jinghpaw
Jinghpaw
Chin
Jinghpaw
Jinghpaw
Chin
Jinghpaw
Shan
Sámi
Romani
Jinghpaw
Jinghpaw
Jinghpaw
Jinghpaw
Jinghpaw
Jinghpaw
Shan
Kachin
Burmese
Jinghpaw
Jinghpaw
Shan
Jinghpaw
Maranao
Chin
Jinghpaw
Kachin
Jinghpaw
Jinghpaw
Shan
Jinghpaw
Jinghpaw
Jinghpaw
Jinghpaw
Jinghpaw
Jingpho
Jinghpaw
Jinghpaw
Jinghpaw
Jinghpaw
Burmese
Jinghpaw
Jinghpaw
Burmese
Kachin
Jinghpaw
Jinghpaw
Jinghpaw
Jinghpaw
Karen
Sherpa
Shan
Karen
Jinghpaw
Jinghpaw
Karen
Jinghpaw
Jinghpaw
Jingpho
Jinghpaw
Jinghpaw
Jinghpaw
Shan
Jinghpaw
Kachin
Shan
Jinghpaw
Jinghpaw
Shan
Jinghpaw
Jinghpaw
Jinghpaw
Jinghpaw
Karen
Shan
Kachin
Jinghpaw
Jinghpaw
Jinghpaw
Burmese
Jinghpaw
Karen
Jinghpaw
Kachin
Jinghpaw
Kachin
Jinghpaw
Burmese
Jinghpaw
Jinghpaw
Jinghpaw
Tagalog
Shan
Jinghpaw
Jinghpaw
Shan
Jinghpaw
Jinghpaw
Jinghpaw
Jingpho
Burmese
Chin
Jinghpaw
Kachin
Burmese
Jinghpaw
Burmese
Jinghpaw
Jinghpaw
Jinghpaw
Jinghpaw
Jinghpaw
Jinghpaw
Jinghpaw
Jinghpaw
Jinghpaw
Jinghpaw
Jinghpaw
Jinghpaw
Burmese
Pashto
Jinghpaw
Romani
Karen
Jinghpaw
Shan
Jinghpaw
Jinghpaw
Burmese
Jingpho
Jinghpaw
Jinghpaw
Shan
Jinghpaw
Shan
Jinghpaw
Jinghpaw
Shan
Jinghpaw
Chin
Jinghpaw
Jinghpaw
Jinghpaw
Jinghpaw
Jinghpaw
Jinghpaw
Jinghpaw
Jinghpaw
Jinghpaw
Jinghpaw
Jingpho
Jingpho
Jinghpaw
Jinghpaw
