gemini_reply
"Esperanto
"
"Esperanto
"
"Esperanto
"
"Esperanto
"
"Esperanto
"
"Esperanto
"
"Esperanto
"
"Esperanto
"
"Esperanto
"
"Esperanto
"
"Esperanto
"
"Esperanto
"
"Esperanto
"
"Esperanto
"
"Esperanto
"
"Esperanto
"
"Esperanto
"
"Esperanto
"
"Esperanto
"
"Esperanto
"
"Esperanto
"
"Esperanto
"
"Esperanto
"
"Esperanto
"
"Esperanto
"
"Esperanto
"
"Esperanto
"
"Esperanto
"
"Esperanto
"
"Esperanto
"
"Esperanto
"
"Esperanto
"
"Esperanto
"
"Esperanto
"
"Esperanto
"
"Esperanto
"
"Esperanto
"
"Esperanto
"
"Esperanto
"
"Esperanto
"
"Esperanto
"
"Esperanto
"
"Esperanto
"
"Esperanto
"
"Esperanto
"
"Esperanto
"
"Esperanto
"
"Esperanto
"
"Esperanto
"
"Esperanto
"
"Esperanto
"
"Esperanto
"
"Esperanto
"
"Esperanto
"
"Esperanto
"
"Esperanto
"
"Esperanto
"
"Esperanto
"
"Esperanto
"
"Esperanto
"
"Esperanto
"
"Esperanto
"
"Esperanto
"
"Esperanto
"
"Esperanto
"
"Esperanto
"
"Esperanto
"
"Esperanto
"
"Esperanto
"
"Esperanto
"
"Esperanto
"
"Esperanto
"
"Esperanto
"
"Esperanto
"
"Esperanto
"
"Esperanto
"
"Esperanto
"
"Esperanto
"
"Esperanto
"
"Esperanto
"
"Esperanto
"
"Esperanto
"
"Esperanto
"
"Esperanto
"
"Esperanto
"
"Esperanto
"
"Esperanto
"
"Esperanto
"
"Esperanto
"
"Esperanto
"
"Esperanto
"
"Esperanto
"
"Esperanto
"
"Esperanto
"
"Esperanto
"
"Esperanto
"
"Esperanto
"
"Esperanto
"
"Esperanto
"
"Esperanto
"
"Esperanto
"
"Esperanto
"
"Esperanto
"
"Esperanto
"
"Esperanto
"
"Esperanto
"
"Esperanto
"
"Esperanto
"
"Esperanto
"
"Esperanto
"
"Esperanto
"
"Esperanto
"
"Esperanto
"
"Esperanto
"
"Esperanto
"
"Esperanto
"
"Esperanto
"
"Esperanto
"
"Esperanto
"
"Esperanto
"
"Esperanto
"
"Esperanto
"
"Esperanto
"
"Esperanto
"
"Esperanto
"
"Esperanto
"
"Esperanto
"
"Esperanto
"
"Esperanto
"
"Esperanto
"
"Esperanto
"
"Esperanto
"
"Esperanto
"
"Esperanto
"
"Esperanto
"
"Esperanto
"
"Esperanto
"
"Esperanto
"
"Esperanto
"
"Esperanto
"
"Esperanto
"
"Esperanto
"
"Esperanto
"
"Esperanto
"
"Esperanto
"
"Esperanto
"
"Esperanto
"
"Esperanto
"
"Esperanto
"
"Esperanto
"
"Esperanto
"
"Esperanto
"
"Esperanto
"
"Esperanto
"
"Esperanto
"
"Esperanto
"
"Esperanto
"
"Esperanto
"
"Esperanto
"
"Esperanto
"
"Esperanto
"
"Esperanto
"
"Esperanto
"
"Esperanto
"
"Esperanto
"
"Esperanto
"
"Esperanto
"
"Esperanto
"
"Esperanto
"
"Esperanto
"
"Esperanto
"
"Esperanto
"
"Esperanto
"
"Esperanto
"
"Esperanto
"
"Esperanto
"
"Esperanto
"
"Esperanto
"
"Esperanto
"
"Esperanto
"
"Esperanto
"
"Esperanto
"
"Esperanto
"
"Esperanto
"
"Esperanto
"
"Esperanto
"
"Esperanto
"
"Esperanto
"
"Esperanto
"
"Esperanto
"
"Esperanto
"
"Esperanto
"
"Esperanto
"
"Esperanto
"
"Esperanto
"
"Esperanto
"
"Esperanto
"
"Esperanto
"
"Esperanto
"
"Esperanto
"
"Esperanto
"
"Esperanto
"
"Esperanto
"
"Esperanto
"
"Esperanto
"
"Esperanto
"
"Esperanto
"
"Esperanto
"
"Esperanto
"
"Esperanto
"
"Esperanto
"
"Esperanto
"
"Esperanto
"
"Esperanto
"
"Esperanto
"
"Esperanto
"
"Esperanto
"
"Esperanto
"
"Esperanto
"
"Esperanto
"
"Esperanto
"
"Esperanto
"
"Esperanto
"
"Esperanto
"
"Esperanto
"
"Esperanto
"
"Esperanto
"
"Esperanto
"
"Esperanto
"
"Esperanto
"
"Esperanto
"
"Esperanto
"
"Esperanto
"
"Esperanto
"
"Esperanto
"
"Esperanto
"
"Esperanto
"
"Esperanto
"
"Esperanto
"
"Esperanto
"
"Esperanto
"
"Esperanto
"
"Esperanto
"
"Esperanto
"
"Esperanto
"
"Esperanto
"
"Esperanto
"
"Esperanto
"
"Esperanto
"
"Esperanto
"
"Esperanto
"
"Esperanto
"
"Esperanto
"
"Esperanto
"
"Esperanto
"
"Esperanto
"
"Esperanto
"
"Esperanto
"
"Esperanto
"
"Esperanto
"
"Esperanto
"
"Esperanto
"
"Esperanto
"
"Esperanto
"
"Esperanto
"
"Esperanto
"
"Esperanto
"
"Esperanto
"
"Esperanto
"
"Esperanto
"
"Esperanto
"
"Esperanto
"
"Esperanto
"
"Esperanto
"
"Esperanto
"
"Esperanto
"
"Esperanto
"
"Esperanto
"
"Esperanto
"
"Esperanto
"
"Esperanto
"
"Esperanto
"
"Esperanto
"
"Esperanto
"
"Esperanto
"
"Esperanto
"
"Esperanto
"
"Esperanto
"
"Esperanto
"
"Esperanto
"
"Esperanto
"
"Esperanto
"
"Esperanto
"
"Esperanto
"
"Esperanto
"
"Esperanto
"
"Esperanto
"
"Esperanto
"
"Esperanto
"
"Esperanto
"
"Esperanto
"
"Esperanto
"
"Esperanto
"
"Esperanto
"
"Esperanto
"
"Esperanto
"
"Esperanto
"
"Esperanto
"
"Esperanto
"
"Esperanto
"
"Esperanto
"
"Esperanto
"
"Esperanto
"
"Esperanto
"
"Esperanto
"
"Esperanto
"
"Esperanto
"
"Esperanto
"
"Esperanto
"
"Esperanto
"
"Esperanto
"
"Esperanto
"
"Esperanto
"
"Esperanto
"
"Esperanto
"
"Esperanto
"
"Esperanto
"
"Esperanto
"
"Esperanto
"
"Esperanto
"
"Esperanto
"
"Esperanto
"
"Esperanto
"
"Esperanto
"
"Esperanto
"
"Esperanto
"
"Esperanto
"
"Esperanto
"
"Esperanto
"
"Esperanto
"
"Esperanto
"
"Esperanto
"
"Esperanto
"
"Esperanto
"
"Esperanto
"
"Esperanto
"
"Esperanto
"
"Esperanto
"
"Esperanto
"
"Esperanto
"
"Esperanto
"
"Esperanto
"
"Esperanto
"
"Esperanto
"
"Esperanto
"
"Esperanto
"
"Esperanto
"
"Esperanto
"
"Esperanto
"
"Esperanto
"
"Esperanto
"
"Esperanto
"
"Esperanto
"
"Esperanto
"
"Esperanto
"
"Esperanto
"
"Esperanto
"
"Esperanto
"
"Esperanto
"
"Esperanto
"
"Esperanto
"
"Esperanto
"
"Esperanto
"
"Esperanto
"
"Esperanto
"
"Esperanto
"
"Esperanto
"
"Esperanto
"
"Esperanto
"
"Esperanto
"
"Esperanto
"
"Esperanto
"
"Esperanto
"
"Esperanto
"
"Esperanto
"
"Esperanto
"
"Esperanto
"
"Esperanto
"
"Esperanto
"
"Esperanto
"
"Esperanto
"
"Esperanto
"
"Esperanto
"
"Esperanto
"
"Esperanto
"
"Esperanto
"
"Esperanto
"
"Esperanto
"
"Esperanto
"
"Esperanto
"
"Esperanto
"
"Esperanto
"
"Esperanto
"
"Esperanto
"
"Esperanto
"
"Esperanto
"
"Esperanto
"
"Esperanto
"
"Esperanto
"
"Esperanto
"
"Esperanto
"
"Esperanto
"
"Esperanto
"
"Esperanto
"
"Esperanto
"
"Esperanto
"
"Esperanto
"
"Esperanto
"
"Esperanto
"
"Esperanto
"
"Esperanto
"
"Esperanto
"
"Esperanto
"
"Esperanto
"
"Esperanto
"
"Esperanto
"
"Esperanto
"
"Esperanto
"
"Esperanto
"
"Esperanto
"
"Esperanto
"
"Esperanto
"
"Esperanto
"
"Esperanto
"
"Esperanto
"
"Esperanto
"
"Esperanto
"
"Esperanto
"
"Esperanto
"
"Esperanto
"
"Esperanto
"
"Esperanto
"
"Esperanto
"
"Esperanto
"
"Esperanto
"
"Esperanto
"
"Esperanto
"
"Esperanto
"
"Esperanto
"
"Esperanto
"
"Esperanto
"
"Esperanto
"
"Esperanto
"
"Esperanto
"
"Esperanto
"
"Esperanto
"
"Esperanto
"
"Esperanto
"
"Esperanto
"
"Esperanto
"
"Esperanto
"
"Esperanto
"
"Esperanto
"
"Esperanto
"
"Esperanto
"
"Esperanto
"
"Esperanto
"
"Esperanto
"
"Esperanto
"
"Esperanto
"
"Esperanto
"
"Esperanto
"
"Esperanto
"
"Esperanto
"
"Esperanto
"
"Esperanto
"
"Esperanto
"
"Esperanto
"
"Esperanto
"
"Esperanto
"
"Esperanto
"
"Esperanto
"
"Esperanto
"
"Esperanto
"
"Esperanto
"
"Esperanto
"
"Esperanto
"
"Esperanto
"
"Esperanto
"
"Esperanto
"
"Esperanto
"
"Esperanto
"
"Esperanto
"
"Esperanto
"
"Esperanto
"
"Esperanto
"
"Esperanto
"
"Esperanto
"
"Esperanto
"
"Esperanto
"
"Esperanto
"
"Esperanto
"
"Esperanto
"
"Esperanto
"
"Esperanto
"
"Esperanto
"
"Esperanto
"
"Esperanto
"
"Esperanto
"
"Esperanto
"
"Esperanto
"
"Esperanto
"
"Esperanto
"
"Esperanto
"
"Esperanto
"
"Esperanto
"
"Esperanto
"
"Esperanto
"
"Esperanto
"
"Esperanto
"
"Esperanto
"
"Esperanto
"
"Esperanto
"
"Esperanto
"
"Esperanto
"
"Esperanto
"
"Esperanto
"
"Esperanto
"
"Esperanto
"
"Esperanto
"
"Esperanto
"
"Esperanto
"
"Esperanto
"
"Esperanto
"
"Esperanto
"
"Esperanto
"
"Esperanto
"
"Esperanto
"
"Esperanto
"
"Esperanto
"
"Esperanto
"
"Esperanto
"
"Esperanto
"
"Esperanto
"
"Esperanto
"
"Esperanto
"
"Esperanto
"
"Esperanto
"
"Esperanto
"
"Esperanto
"
"Esperanto
"
"Esperanto
"
"Esperanto
"
"Esperanto
"
"Esperanto
"
"Esperanto
"
"Esperanto
"
"Esperanto
"
"Esperanto
"
"Esperanto
"
"Esperanto
"
"Esperanto
"
"Esperanto
"
"Esperanto
"
"Esperanto
"
"Esperanto
"
"Esperanto
"
"Esperanto
"
"Esperanto
"
"Esperanto
"
"Esperanto
"
"Esperanto
"
"Esperanto
"
"Esperanto
"
"Esperanto
"
"Esperanto
"
"Esperanto
"
"Esperanto
"
"Esperanto
"
"Esperanto
"
"Esperanto
"
"Esperanto
"
"Esperanto
"
"Esperanto
"
"Esperanto
"
"Esperanto
"
"Esperanto
"
"Esperanto
"
"Esperanto
"
"Esperanto
"
"Esperanto
"
"Esperanto
"
"Esperanto
"
"Esperanto
"
"Esperanto
"
"Esperanto
"
"Esperanto
"
"Esperanto
"
"Esperanto
"
"Esperanto
"
"Esperanto
"
"Esperanto
"
"Esperanto
"
"Esperanto
"
"Esperanto
"
"Esperanto
"
"Esperanto
"
"Esperanto
"
"Esperanto
"
"Esperanto
"
"Esperanto
"
"Esperanto
"
"Esperanto
"
"Esperanto
"
"Esperanto
"
"Esperanto
"
"Esperanto
"
"Esperanto
"
"Esperanto
"
"Esperanto
"
"Esperanto
"
"Esperanto
"
"Esperanto
"
"Esperanto
"
"Esperanto
"
"Esperanto
"
"Esperanto
"
"Esperanto
"
"Esperanto
"
"Esperanto
"
"Esperanto
"
"Esperanto
"
"Esperanto
"
"Esperanto
"
"Esperanto
"
"Esperanto
"
"Esperanto
"
"Esperanto
"
"Esperanto
"
"Esperanto
"
"Esperanto
"
"Esperanto
"
"Esperanto
"
"Esperanto
"
"Esperanto
"
"Esperanto
"
"Esperanto
"
"Esperanto
"
"Esperanto
"
"Esperanto
"
"Esperanto
"
"Esperanto
"
"Esperanto
"
"Esperanto
"
"Esperanto
"
"Esperanto
"
"Esperanto
"
"Esperanto
"
"Esperanto
"
"Esperanto
"
"Esperanto
"
"Esperanto
"
"Esperanto
"
"Esperanto
"
"Esperanto
"
"Esperanto
"
"Esperanto
"
"Esperanto
"
"Esperanto
"
"Esperanto
"
"Esperanto
"
"Esperanto
"
"Esperanto
"
"Esperanto
"
"Esperanto
"
"Esperanto
"
"Esperanto
"
"Esperanto
"
"Esperanto
"
"Esperanto
"
"Esperanto
"
"Esperanto
"
"Esperanto
"
"Esperanto
"
"Esperanto
"
"Esperanto
"
"Esperanto
"
"Esperanto
"
"Esperanto
"
"Esperanto
"
"Esperanto
"
"Esperanto
"
"Esperanto
"
"Esperanto
"
"Esperanto
"
"Esperanto
"
"Esperanto
"
"Esperanto
"
"Esperanto
"
"Esperanto
"
"Esperanto
"
"Esperanto
"
"Esperanto
"
"Esperanto
"
"Esperanto
"
"Esperanto
"
"Esperanto
"
"Esperanto
"
"Esperanto
"
"Esperanto
"
"Esperanto
"
"Esperanto
"
"Esperanto
"
"Esperanto
"
"Esperanto
"
"Esperanto
"
"Esperanto
"
"Esperanto
"
"Esperanto
"
"Esperanto
"
"Esperanto
"
"Esperanto
"
"Esperanto
"
"Esperanto
"
"Esperanto
"
"Esperanto
"
"Esperanto
"
"Esperanto
"
"Esperanto
"
"Esperanto
"
"Esperanto
"
"Esperanto
"
"Esperanto
"
"Esperanto
"
"Esperanto
"
"Esperanto
"
"Esperanto
"
"Esperanto
"
"Esperanto
"
"Esperanto
"
"Esperanto
"
"Esperanto
"
"Esperanto
"
"Esperanto
"
"Esperanto
"
"Esperanto
"
"Esperanto
"
"Esperanto
"
"Esperanto
"
"Esperanto
"
"Esperanto
"
"Esperanto
"
"Esperanto
"
"Esperanto
"
"Esperanto
"
"Esperanto
"
"Esperanto
"
"Esperanto
"
"Esperanto
"
"Esperanto
"
"Esperanto
"
"Esperanto
"
"Esperanto
"
"Esperanto
"
"Esperanto
"
"Esperanto
"
"Esperanto
"
"Esperanto
"
"Esperanto
"
"Esperanto
"
"Esperanto
"
"Esperanto
"
"Esperanto
"
"Esperanto
"
"Esperanto
"
"Esperanto
"
"Esperanto
"
"Esperanto
"
"Esperanto
"
"Esperanto
"
"Esperanto
"
"Esperanto
"
"Esperanto
"
"Esperanto
"
"Esperanto
"
"Esperanto
"
"Esperanto
"
"Esperanto
"
"Esperanto
"
"Esperanto
"
"Esperanto
"
"Esperanto
"
"Esperanto
"
"Esperanto
"
"Esperanto
"
"Esperanto
"
"Esperanto
"
"Esperanto
"
"Esperanto
"
"Esperanto
"
"Esperanto
"
"Esperanto
"
"Esperanto
"
"Esperanto
"
"Esperanto
"
"Esperanto
"
"Esperanto
"
"Esperanto
"
"Esperanto
"
"Esperanto
"
"Esperanto
"
"Esperanto
"
"Esperanto
"
"Esperanto
"
"Esperanto
"
"Esperanto
"
"Esperanto
"
"Esperanto
"
"Esperanto
"
"Esperanto
"
"Esperanto
"
"Esperanto
"
"Esperanto
"
"Esperanto
"
"Esperanto
"
"Esperanto
"
"Esperanto
"
"Esperanto
"
"Esperanto
"
"Esperanto
"
"Esperanto
"
"Esperanto
"
"Esperanto
"
"Esperanto
"
"Esperanto
"
"Esperanto
"
"Esperanto
"
"Esperanto
"
"Esperanto
"
"Esperanto
"
"Esperanto
"
"Esperanto
"
"Esperanto
"
"Esperanto
"
"Esperanto
"
"Esperanto
"
"Esperanto
"
"Esperanto
"
"Esperanto
"
"Esperanto
"
"Esperanto
"
"Esperanto
"
"Esperanto
"
"Esperanto
"
"Esperanto
"
"Esperanto
"
"Esperanto
"
"Esperanto
"
"Esperanto
"
"Esperanto
"
"Esperanto
"
"Esperanto
"
"Esperanto
"
"Esperanto
"
"Esperanto
"
"Esperanto
"
"Esperanto
"
"Esperanto
"
"Esperanto
"
"Esperanto
"
"Esperanto
"
"Esperanto
"
"Esperanto
"
"Esperanto
"
"Esperanto
"
"Esperanto
"
"Esperanto
"
"Esperanto
"
"Esperanto
"
"Esperanto
"
"Esperanto
"
"Esperanto
"
"Esperanto
"
"Esperanto
"
"Esperanto
"
"Esperanto
"
"Esperanto
"
"Esperanto
"
"Esperanto
"
"Esperanto
"
"Esperanto
"
"Esperanto
"
"Esperanto
"
"Esperanto
"
"Esperanto
"
"Esperanto
"
"Esperanto
"
"Esperanto
"
"Esperanto
"
"Esperanto
"
"Esperanto
"
"Esperanto
"
"Esperanto
"
"Esperanto
"
"Esperanto
"
"Esperanto
"
"Esperanto
"
"Esperanto
"
"Esperanto
"
"Esperanto
"
"Esperanto
"
"Esperanto
"
"Esperanto
"
"Esperanto
"
"Esperanto
"
"Esperanto
"
"Esperanto
"
"Esperanto
"
"Esperanto
"
"Esperanto
"
"Esperanto
"
"Esperanto
"
"Esperanto
"
"Esperanto
"
"Esperanto
"
"Esperanto
"
"Esperanto
"
"Esperanto
"
"Esperanto
"
"Esperanto
"
"Esperanto
"
"Esperanto
"
"Esperanto
"
"Esperanto
"
"Esperanto
"
"Esperanto
"
"Esperanto
"
"Esperanto
"
"Esperanto
"
"Esperanto
"
"Esperanto
"
"Esperanto
"
"Esperanto
"
"Esperanto
"
"Esperanto
"
"Esperanto
"
"Esperanto
"
"Esperanto
"
"Esperanto
"
"Esperanto
"
"Esperanto
"
"Esperanto
"
"Esperanto
"
"Esperanto
"
"Esperanto
"
"Esperanto
"
"Esperanto
"
"Esperanto
"
"Esperanto
"
"Esperanto
"
"Esperanto
"
"Esperanto
"
"Esperanto
"
"Esperanto
"
"Esperanto
"
"Esperanto
"
"Esperanto
"
"Esperanto
"
"Esperanto
"
"Esperanto
"
"Esperanto
"
"Esperanto
"
"Esperanto
"
"Esperanto
"
"Esperanto
"
"Esperanto
"
"Esperanto
"
"Esperanto
"
"Esperanto
"
"Esperanto
"
"Esperanto
"
"Esperanto
"
"Esperanto
"
"Esperanto
"
"Esperanto
"
"Esperanto
"
"Esperanto
"
"Esperanto
"
"Esperanto
"
"Esperanto
"
"Esperanto
"
"Esperanto
"
"Esperanto
"
"Esperanto
"
"Esperanto
"
"Esperanto
"
"Esperanto
"
"Esperanto
"
"Esperanto
"
"Esperanto
"
"Esperanto
"
"Esperanto
"
"Esperanto
"
"Esperanto
"
"Esperanto
"
"Esperanto
"
"Esperanto
"
"Esperanto
"
"Esperanto
"
"Esperanto
"
"Esperanto
"
"Esperanto
"
